t_ma2_bigger_ma5 [317, 323, 49.53] [323, 321, 50.16] 
 t_ma5_bigger_ma10 [300, 340, 46.88] [326, 318, 50.62] 
 t_ma5_bigger_ma20 [303, 337, 47.34] [326, 318, 50.62] 
 t_ma5_bigger_ma30 [315, 325, 49.22] [325, 319, 50.47] 
 t_ma5_bigger_ma60 [319, 321, 49.84] [318, 326, 49.38] 
 t_ma5_bigger_ma100 [310, 330, 48.44] [313, 331, 48.6] 
 t_ma5_bigger_ma120 [323, 317, 50.47] [318, 326, 49.38] 
 t_ma5_bigger_ma200 [324, 316, 50.63] [318, 326, 49.38] 
 t_ma10_bigger_ma20 [298, 342, 46.56] [320, 324, 49.69] 
 t_ma10_bigger_ma30 [318, 322, 49.69] [319, 325, 49.53] 
 t_ma10_bigger_ma60 [323, 317, 50.47] [316, 328, 49.07] 
 t_ma10_bigger_ma100 [309, 331, 48.28] [314, 330, 48.76] 
 t_ma10_bigger_ma120 [317, 323, 49.53] [311, 333, 48.29] 
 t_ma10_bigger_ma200 [326, 314, 50.94] [308, 336, 47.83] 
 t_ma20_bigger_ma30 [321, 319, 50.16] [313, 331, 48.6] 
 t_ma20_bigger_ma60 [309, 331, 48.28] [310, 334, 48.14] 
 t_ma20_bigger_ma100 [310, 330, 48.44] [298, 346, 46.27] 
 t_ma20_bigger_ma120 [324, 316, 50.63] [305, 339, 47.36] 
 t_ma20_bigger_ma200 [320, 320, 50.0] [298, 346, 46.27] 
 t_ma30_bigger_ma60 [316, 324, 49.38] [311, 333, 48.29] 
 t_ma30_bigger_ma100 [309, 331, 48.28] [305, 339, 47.36] 
 t_ma30_bigger_ma120 [310, 330, 48.44] [302, 342, 46.89] 
 t_ma30_bigger_ma200 [324, 316, 50.63] [291, 353, 45.19] 
 t_ma60_bigger_ma100 [309, 331, 48.28] [285, 359, 44.25] 
 t_ma60_bigger_ma120 [314, 326, 49.06] [283, 361, 43.94] 
 t_ma60_bigger_ma200 [318, 322, 49.69] [294, 350, 45.65] 
 t_ma100_bigger_ma120 [309, 331, 48.28] [289, 355, 44.88] 
 t_ma100_bigger_ma200 [291, 349, 45.47] [272, 372, 42.24] 
 t_ma120_bigger_ma200 [292, 348, 45.63] [272, 372, 42.24] 
 y_ma2_bigger_ma5 [323, 317, 50.47] [317, 327, 49.22] 
 y_ma5_bigger_ma10 [302, 338, 47.19] [324, 320, 50.31] 
 y_ma5_bigger_ma20 [304, 336, 47.5] [325, 319, 50.47] 
 y_ma5_bigger_ma30 [312, 328, 48.75] [328, 316, 50.93] 
 y_ma5_bigger_ma60 [318, 322, 49.69] [319, 325, 49.53] 
 y_ma5_bigger_ma100 [312, 328, 48.75] [311, 333, 48.29] 
 y_ma5_bigger_ma120 [320, 320, 50.0] [320, 324, 49.69] 
 y_ma5_bigger_ma200 [327, 313, 51.09] [314, 330, 48.76] 
 y_ma10_bigger_ma20 [300, 340, 46.88] [318, 326, 49.38] 
 y_ma10_bigger_ma30 [318, 322, 49.69] [319, 325, 49.53] 
 y_ma10_bigger_ma60 [326, 314, 50.94] [313, 331, 48.6] 
 y_ma10_bigger_ma100 [310, 330, 48.44] [313, 331, 48.6] 
 y_ma10_bigger_ma120 [321, 319, 50.16] [306, 338, 47.52] 
 y_ma10_bigger_ma200 [327, 313, 51.09] [306, 338, 47.52] 
 y_ma20_bigger_ma30 [317, 323, 49.53] [316, 328, 49.07] 
 y_ma20_bigger_ma60 [309, 331, 48.28] [310, 334, 48.14] 
 y_ma20_bigger_ma100 [313, 327, 48.91] [295, 349, 45.81] 
 y_ma20_bigger_ma120 [323, 317, 50.47] [305, 339, 47.36] 
 y_ma20_bigger_ma200 [321, 319, 50.16] [296, 348, 45.96] 
 y_ma30_bigger_ma60 [319, 321, 49.84] [308, 336, 47.83] 
 y_ma30_bigger_ma100 [307, 333, 47.97] [307, 337, 47.67] 
 y_ma30_bigger_ma120 [312, 328, 48.75] [299, 345, 46.43] 
 y_ma30_bigger_ma200 [323, 317, 50.47] [291, 353, 45.19] 
 y_ma60_bigger_ma100 [308, 332, 48.13] [286, 358, 44.41] 
 y_ma60_bigger_ma120 [314, 326, 49.06] [282, 362, 43.79] 
 y_ma60_bigger_ma200 [317, 323, 49.53] [294, 350, 45.65] 
 y_ma100_bigger_ma120 [309, 331, 48.28] [288, 356, 44.72] 
 y_ma100_bigger_ma200 [290, 350, 45.31] [272, 372, 42.24] 
 y_ma120_bigger_ma200 [290, 350, 45.31] [273, 371, 42.39] 
 t_ma2_bigger_y_ma2 [303, 337, 47.34] [321, 323, 49.84] 
 t_ma3_bigger_y_ma3 [312, 328, 48.75] [315, 329, 48.91] 
 t_ma4_bigger_y_ma5 [310, 330, 48.44] [311, 333, 48.29] 
 t_ma5_bigger_y_ma5 [310, 330, 48.44] [318, 326, 49.38] 
 t_ma10_bigger_y_ma10 [305, 335, 47.66] [313, 331, 48.6] 
 t_ma20_bigger_y_ma20 [303, 337, 47.34] [297, 347, 46.12] 
 t_ma30_bigger_y_ma30 [297, 343, 46.41] [306, 338, 47.52] 
 t_ma60_bigger_y_ma60 [314, 326, 49.06] [297, 347, 46.12] 
 t_ma100_bigger_y_ma100 [290, 350, 45.31] [253, 391, 39.29] 
 t_ma120_bigger_y_ma120 [279, 361, 43.59] [264, 380, 40.99] 
 t_ma200_bigger_y_ma200 [316, 324, 49.38] [291, 353, 45.19] 
